21.681445 27.726547 -0.020694
21.431429 30.042378 0.036933
1.278610 0.002744 27.634994
2.541926 0.000324 29.592780
0.015294 0.005165 25.677208
22.485725 25.847505 27.722680
-0.001394 3.182795 12.875694
4.134324 18.793334 27.753559
8.309156 25.029423 24.073802
15.491170 6.871903 29.162130
12.223274 15.217960 4.227512
12.447779 30.001669 20.800151
16.625954 24.908077 5.502066
-0.012752 27.041836 23.379135
4.699972 0.000347 1.567126
11.416524 13.025168 15.100851
14.633837 8.993494 10.553305
19.877798 7.252468 17.389398
23.554015 3.202973 11.636418
29.999866 9.158922 20.523363
18.376702 -0.015031 22.185689
3.585047 16.325119 16.181190
8.123327 23.621490 12.279694
20.003583 13.895586 8.228814
16.591279 23.839407 29.627200
29.999800 0.000183 15.138341
13.103374 0.000332 28.233301
7.560547 17.172159 20.646105
6.969360 18.964767 14.333859
3.867029 0.000029 13.022382
10.272439 -0.002708 18.064675
4.859748 6.093410 22.489302
0.874103 25.270050 12.794611
2.233530 30.098339 17.018840
28.309499 5.670089 21.369775
12.533414 24.631902 19.562683
3.766955 13.083018 12.940346
3.615717 14.165175 9.224028
23.460566 11.122515 25.930324
4.108043 1.974187 6.078972
7.055842 13.989262 10.969742
30.003961 12.141726 10.708121
18.995741 19.802664 15.526410
21.309706 6.197772 25.788347
11.954386 0.332137 12.594354
14.159742 20.487750 24.870733
22.755346 4.127053 15.621184
21.685303 6.733255 11.960393
19.334397 17.595111 9.305443
1.236991 9.546400 21.202512
22.573195 18.685960 20.821487
6.497006 5.103532 6.436437
13.970802 11.044956 20.059034
7.575973 8.350629 13.521241
16.363005 25.784804 10.909099
16.645991 22.341382 -0.007550
5.386977 7.226376 2.344813
14.032929 8.635078 3.969731
14.605411 4.320951 24.056883
7.496178 0.638574 15.475338
4.030089 5.494246 17.244802
7.546596 12.716247 26.886223
12.968501 29.786088 6.635210
3.916453 0.446671 20.395299
27.037572 25.609825 26.733273
19.495907 23.605299 11.416256
-0.001061 20.678702 26.296513
20.921312 2.736571 -0.008805
23.153667 17.646114 10.080325
4.361679 2.972836 10.048144
21.981810 23.568185 14.583419
13.570217 20.597853 15.228125
16.506985 17.651307 1.996662
22.815640 27.797288 18.371231
11.089971 25.649688 10.684151
28.275330 13.419141 27.956617
17.932179 29.324035 23.307122
24.722673 2.610842 29.063328
5.825534 13.574826 18.434299
26.641853 22.574178 7.746580
24.558131 23.536662 30.003274
2.135379 15.548141 3.406431
2.621637 7.447587 8.704999
3.469720 21.804584 2.879460
9.624150 30.010081 17.631340
24.002195 11.649212 1.991527
24.391586 0.748584 22.235922
14.609744 25.688714 0.352182
27.824892 25.010519 18.348866
16.211634 0.748966 18.193630
30.002541 29.389207 23.879481
0.294821 11.554441 24.351062
5.359999 13.060574 30.048116
26.961254 14.391996 3.993048
16.947277 23.029836 25.703807
7.147925 26.289052 19.292900
12.104014 17.961066 22.674401
7.696357 18.641718 24.631030
20.275030 28.756472 28.936292
10.163796 4.023646 19.278353
26.092566 29.279527 20.497734
11.733115 29.010085 24.538561
14.716371 5.018204 5.291752
12.458530 14.658783 27.070073
30.002333 13.965145 6.315576
27.764890 30.020936 1.242139
16.030190 20.231586 6.292073
22.492899 6.111184 21.083864
5.042342 23.117082 8.357507
13.854932 26.298469 16.307841
18.211914 3.569771 4.569719
0.556069 14.655950 18.731773
27.241225 19.068379 1.752377
17.995003 11.882749 21.441966
23.675145 19.993749 13.705923
17.499031 11.491812 11.163051
1.146242 3.818606 24.643920
20.681323 30.000928 20.697850
4.849164 10.876340 21.040714
23.726846 9.981201 9.059065
21.773202 3.730552 22.811889
20.856380 3.633659 22.554444
21.745953 3.831026 23.763410
5.343102 9.015031 26.819774
5.962892 9.725205 26.653212
5.679197 8.278479 26.309128
11.856297 2.046878 4.190818
11.646250 2.829566 3.681398
12.381155 2.370694 4.922866
25.733411 28.467494 14.161972
25.836022 28.726722 15.077668
26.417465 28.950069 13.697837
29.124573 0.479355 2.502165
29.019553 0.002391 1.678937
29.994873 0.873286 2.441948
10.234858 26.960697 26.547828
9.484347 27.520558 26.349037
9.874868 26.073940 26.565097
8.678104 13.887859 14.136002
8.052881 14.612433 14.118168
8.136107 13.101548 14.071329
4.238006 24.909511 19.422679
3.931994 25.787174 19.194004
3.521131 24.530298 19.931124
18.871975 7.228560 22.077638
19.035479 8.171580 22.063213
17.927991 7.150745 22.215722
18.306827 17.875915 18.068291
17.986830 16.984527 17.929519
17.524012 18.380103 18.290157
9.476509 17.919410 18.228598
9.172151 18.416636 17.469413
9.263615 17.009643 18.020683
9.954237 2.945908 16.258226
10.139515 3.555618 15.543975
10.767931 2.454713 16.371618
14.470147 13.039453 29.426811
14.259381 13.960121 29.582302
13.619424 12.603428 29.378020
19.367043 4.854485 14.092211
20.238957 5.238103 14.186183
18.766291 5.584848 14.240181
11.718713 17.958681 26.155720
11.554292 18.894373 26.272660
12.532489 17.796536 26.632906
4.110458 26.614045 14.908840
4.885156 26.108718 14.662433
4.402289 27.525467 14.889495
16.181869 28.638016 29.005765
16.806656 29.234204 29.418596
16.724681 27.948197 28.624015
21.404553 3.498179 4.410500
21.852584 2.679302 4.198513
22.086074 4.167494 4.349054
7.044882 17.055239 17.569320
6.229178 17.540942 17.447061
6.901367 16.226314 17.112685
24.174162 24.268515 17.246735
23.653814 24.047985 18.019284
24.210094 23.456186 16.741701
5.710482 12.527887 7.491940
5.013675 12.792278 6.891286
6.309145 12.011316 6.952509
10.948162 9.115357 0.611010
10.248098 8.788672 1.176179
11.111765 10.005761 0.921883
20.003824 24.490225 8.148411
19.439824 25.217142 8.412463
20.717681 24.904250 7.663416
16.319303 0.766935 13.825136
16.268159 0.099158 13.141259
15.472849 1.212426 13.789340
17.261743 25.839916 2.256590
16.661680 26.390593 2.759490
18.116220 25.981835 2.663969
28.488407 27.901408 13.995940
27.867736 27.319256 14.434226
29.068211 27.313409 13.511881
25.137508 29.101387 0.040497
24.672677 28.264631 0.040178
24.444074 29.761138 0.030151
15.095565 23.904558 8.902821
14.607117 23.290091 8.355027
15.341626 24.613037 8.308059
1.960389 1.535289 17.998889
1.329412 0.868076 17.728845
1.441120 2.171758 18.490309
14.169721 14.585624 22.010424
13.587146 13.830755 21.926709
13.581096 15.338944 22.057945
13.615411 3.389307 20.435251
12.971545 2.714998 20.218519
14.397458 2.900720 20.691989
14.296891 14.435550 15.135417
14.242045 15.180537 15.733927
14.755546 13.759845 15.634705
27.566063 26.446906 23.874933
28.171703 27.026999 23.413498
27.021278 26.070059 23.183974
14.527307 17.540649 14.018786
15.158764 18.259047 13.981426
14.611512 17.193044 14.906654
20.556429 11.582268 15.312368
20.371131 12.244481 15.978227
21.283743 11.075604 15.673664
7.504081 24.328821 0.950409
8.339095 24.378683 1.415698
7.380693 25.204581 0.584283
18.480062 10.339734 25.560543
19.367584 10.516256 25.872591
18.572496 9.572774 24.995339
-0.052576 27.614293 15.390178
0.016995 28.513977 15.709486
0.076620 27.684656 14.444352
5.030977 10.305937 24.729938
4.284614 10.234247 25.324943
4.738914 9.876680 23.925783
27.940429 8.833079 8.594894
27.832042 7.882233 8.614239
28.885568 8.968323 8.663086
22.090700 16.500775 13.466241
22.998560 16.727975 13.265246
21.569429 17.105859 12.938625
6.379377 2.590087 19.732067
7.226802 3.034993 19.744654
5.739556 3.288542 19.869973
7.941253 21.070045 16.853373
7.026969 20.988010 16.582113
7.960146 21.856476 17.398716
6.275079 23.271193 16.995797
6.281389 24.176262 16.684287
5.965667 23.330631 17.899656
10.633090 21.515512 18.581468
11.584303 21.604908 18.640040
10.482584 20.570907 18.545437
27.255576 14.199465 12.902800
26.474479 13.837843 13.321543
27.006068 15.090679 12.658437
3.957966 10.996662 4.642286
4.838259 10.706257 4.403584
4.047939 11.325114 5.536855
22.281324 15.950351 23.758272
22.670849 15.374498 23.100326
22.612191 16.821774 23.540607
22.321494 1.104003 6.907728
22.823809 0.959167 7.709558
22.867858 0.737086 6.212683
13.778774 18.007368 9.076822
13.367330 18.410374 8.312277
13.781925 17.070287 8.881637
21.178492 4.022548 8.795372
21.856803 4.592669 9.157428
20.386507 4.560117 8.798174
14.532168 15.710429 24.458018
14.580969 16.470022 23.877618
13.636342 15.388593 24.357289
6.471377 12.267944 23.439689
6.071094 12.953637 23.974317
6.804951 11.633240 24.073809
0.000095 15.230037 25.857507
0.695516 15.687243 25.384663
0.023299 14.336941 25.513896
20.686383 26.799828 24.933372
20.986050 25.890904 24.950254
21.427595 27.303193 25.270208
9.855419 15.150871 21.930649
10.302542 15.279305 22.767199
10.516674 14.754225 21.363514
7.173149 28.354748 7.543583
6.477204 28.915320 7.886582
6.730812 27.538598 7.310205
20.762958 26.601596 2.632303
20.061954 26.903020 3.210201
21.035723 25.762458 3.003351
11.996030 12.379445 8.853134
11.403168 11.715683 9.205501
12.392614 11.964624 8.087057
14.334016 9.066507 24.406800
13.717053 9.795836 24.346276
13.780412 8.286894 24.451023
11.831319 18.313478 29.384366
11.916310 19.083100 29.947116
12.592092 18.354674 28.804922
0.589177 22.719099 16.745884
0.011417 23.477356 16.659471
-0.000034 21.964986 16.726557
15.881104 6.669812 17.141556
16.557118 7.276478 16.839577
15.338811 6.510871 16.368972
4.682009 5.845266 26.336305
4.114310 6.611576 26.418257
4.091391 5.097897 26.430321
29.523581 21.837004 1.898143
29.598187 21.362013 2.725818
28.610368 22.122084 1.866516
13.884482 12.458788 10.260856
13.694245 13.334272 9.923859
14.777372 12.277470 9.967430
26.832714 11.532338 8.224725
26.630538 10.597057 8.200162
25.991417 11.955296 8.396637
15.954677 29.261929 9.550574
16.070035 30.011760 10.134247
16.587402 28.615127 9.862880
16.266419 8.633541 6.136079
15.797109 9.126622 6.809018
17.076958 9.124300 6.000393
13.572333 8.779898 17.227303
14.381264 8.276242 17.317805
12.887316 8.118382 17.130471
8.170167 19.690088 19.084367
7.428929 19.453972 18.526654
7.926141 20.534657 19.463026
10.759105 26.062689 29.055937
10.580842 26.015646 29.995212
11.417198 25.384794 28.902314
17.037744 22.719972 3.430624
17.409061 22.056378 4.011997
17.790576 23.238225 3.146217
19.275404 25.134104 0.686527
18.792099 24.485268 1.198050
18.644288 25.837200 0.532975
9.629240 24.622859 6.479311
9.395092 25.524409 6.699787
9.677569 24.614383 5.523371
19.881380 17.033092 24.415120
20.229008 16.183028 24.684890
19.697615 16.931798 23.481204
28.755731 10.586543 14.251863
28.033785 10.005309 14.012720
29.486781 9.997265 14.437726
21.083165 21.604694 7.364285
21.410375 21.651508 6.465969
21.049143 20.668087 7.558804
23.163538 14.295162 20.610015
22.600501 13.618338 20.985683
23.976035 13.838109 20.392807
23.018348 21.393591 25.908542
23.163734 21.267904 26.846249
22.872244 22.334671 25.812356
23.037846 -0.001012 13.421903
23.589824 0.780577 13.447749
22.314496 0.235128 12.841186
23.733609 7.190263 1.986959
23.741290 8.146584 2.027219
24.658064 6.942229 1.996422
28.815773 15.440132 16.814324
27.889070 15.224436 16.918848
29.156319 15.475202 17.708207
2.867488 15.243373 0.451452
3.767939 14.923273 0.397109
2.338314 14.453548 0.562715
8.169359 8.230995 23.888685
8.846454 8.791663 23.509973
8.427051 7.342956 23.641281
2.717513 20.796625 16.580048
2.770505 21.367012 17.346911
1.779628 20.711080 16.408929
23.469981 20.802264 4.092620
24.321539 21.075540 3.751448
22.998239 21.621190 4.244436
26.061718 8.227185 26.069542
26.482531 7.871095 26.852067
25.542404 8.964343 26.390696
24.536413 7.259739 23.794362
25.257429 6.639118 23.900159
23.748117 6.717048 23.811854
2.440183 12.394240 6.611712
1.778632 11.757258 6.881587
1.952406 13.050808 6.114499
14.824466 29.358994 13.447681
14.113310 29.999677 13.444413
15.519563 29.774602 13.957917
17.916366 15.442527 11.394711
18.636918 15.504514 12.021760
17.778499 14.502313 11.279734
23.956543 26.968601 14.844385
23.158487 26.620453 15.242041
24.591338 26.255829 14.916644
0.909956 3.937006 10.091157
0.067898 3.842659 9.645887
1.333173 3.084757 9.987292
2.514034 8.500557 11.908148
3.301082 8.665722 11.389009
2.180182 9.371857 12.121711
29.260073 17.657631 11.962514
29.661175 18.488337 12.218001
30.000009 17.066385 11.824124
1.862303 5.434234 28.612919
2.809192 5.384258 28.482033
1.759475 5.663656 29.536510
4.555630 10.725913 15.406561
4.279607 9.812864 15.486447
3.738495 11.217065 15.321189
7.420102 27.413636 15.426228
6.745343 27.428448 16.104984
7.039848 26.889631 14.721208
5.662038 16.842552 7.692884
4.775864 16.493274 7.598389
6.017210 16.839592 6.804023
19.985355 29.102357 12.047233
20.752437 28.906237 12.585146
20.311883 29.083465 11.147650
23.797947 14.817678 25.785900
24.530396 15.122384 25.250269
23.957183 15.198859 26.649366
12.076340 10.444719 12.278501
12.746643 9.927612 12.725182
12.547498 11.204753 11.937053
6.788767 14.425095 21.661832
7.533544 13.836637 21.538327
6.081890 13.856660 21.967502
19.825363 19.268064 1.264539
20.140807 19.563262 0.410383
19.329247 18.471705 1.075039
25.299511 17.741091 7.596070
25.073972 16.929623 7.141229
26.248369 17.816917 7.495338
26.595406 24.898251 2.220493
26.027556 25.667515 2.175690
27.054806 24.889842 1.380785
9.110095 3.849338 3.960517
8.249149 3.489689 3.746848
9.577457 3.123561 4.374098
28.462285 8.771357 27.478779
29.325826 9.178454 27.548054
27.846511 9.500099 27.556147
4.941023 9.745319 13.013263
4.043919 9.542840 13.278661
4.862037 10.041031 12.106320
6.470490 27.798038 28.731045
7.262678 27.640359 29.244664
6.287875 28.729899 28.851528
8.173279 8.536489 7.180134
7.245533 8.494514 7.411984
8.178694 8.787407 6.256424
20.990999 26.247510 11.132111
20.307322 26.816343 11.486009
21.570254 26.077698 11.874981
25.102217 6.257234 26.277072
25.845763 5.775941 26.640012
24.346719 5.693975 26.444970
17.165678 17.866586 25.339423
18.079262 18.071619 25.140542
17.016183 17.014644 24.929454
4.688963 2.664833 0.053844
5.252748 3.436507 0.000045
3.798817 3.015063 0.019087
20.586721 9.240014 14.406102
20.722864 9.367821 13.467294
19.849010 8.632573 14.461117
26.903292 14.445111 18.844806
27.724262 14.724667 19.249880
26.873344 13.499606 18.990927
11.561158 26.995916 21.866310
10.844838 27.624306 21.957084
11.141319 26.139741 21.949545
7.833641 10.961864 5.091695
7.408408 11.327329 4.315911
8.055008 11.724701 5.625833
6.420421 25.353611 5.242831
6.212031 24.775866 5.977006
7.196246 24.961799 4.841822
2.820602 23.002355 14.951826
1.904515 22.725157 14.965066
2.783057 23.948429 14.811245
0.650221 23.362739 21.948394
1.397599 23.444939 22.540761
0.164123 24.179660 22.060539
2.716163 22.197870 12.850377
3.526888 21.693720 12.781192
2.990113 23.108757 12.743305
17.458424 15.800127 4.711254
16.690485 15.572963 4.186950
17.459652 16.757078 4.732979
28.179606 1.604172 6.504198
27.723110 0.813632 6.792099
27.502397 2.280489 6.489591
2.816517 19.322902 5.357908
3.278045 18.677749 5.893629
2.345956 18.801988 4.707177
25.702486 2.367417 17.280208
26.206617 2.533741 18.076711
25.912733 3.103131 16.705099
5.902844 8.560098 18.912675
6.327304 8.278553 18.102246
5.213815 7.912275 19.060304
9.770549 24.365076 20.781560
10.231119 24.088427 21.573753
9.379544 25.207530 21.013109
15.834525 23.630812 16.176918
16.198522 22.748227 16.246049
16.514009 24.136389 15.730911
22.509709 18.519119 5.710895
23.097489 19.271442 5.641954
23.083310 17.757710 5.624484
22.876421 24.750727 21.548386
22.112193 25.324048 21.489341
23.039940 24.664741 22.487586
24.860758 5.452909 17.367808
24.633239 5.941626 18.158768
25.487362 6.014024 16.910920
13.539504 20.729267 10.753471
12.611266 20.956798 10.806695
13.578190 20.030152 10.100808
17.808484 0.340396 11.500395
18.419514 0.000006 10.846939
17.279585 0.980363 11.024015
8.404491 28.636686 10.815478
8.679469 29.500340 10.507716
8.703768 28.033110 10.135508
0.168395 6.745593 23.608496
0.735795 7.218587 24.217236
-0.003530 7.371529 22.905024
25.554606 2.705460 3.335251
26.332952 3.020777 3.794578
25.418874 1.820132 3.672889
13.975549 11.744970 13.747681
14.364205 12.594318 13.538437
14.682222 11.254602 14.167658
14.842328 19.647341 29.380556
14.618267 18.739954 29.587132
14.082294 19.979398 28.902733
11.613246 6.404330 13.084132
10.696092 6.130778 13.099211
12.108302 5.585300 13.102541
24.892462 14.361788 11.130471
23.965881 14.149153 11.018836
24.956109 15.287716 10.896305
21.388896 22.065705 27.915811
20.833771 22.437973 27.230624
21.723730 22.825253 28.392467
24.825496 0.861142 19.097429
24.388440 0.030428 19.284849
24.111930 1.492734 19.007183
19.647197 20.433645 22.971816
19.074205 21.129991 22.650865
19.178010 19.624298 22.769209
4.407390 28.172236 17.863316
3.631816 27.642375 18.047597
5.042925 27.551551 17.506841
22.105166 9.379410 18.033563
21.957493 10.320848 18.123650
23.029794 9.259702 18.250268
2.733249 29.503208 20.669316
3.090110 29.313772 21.537067
2.948653 28.730349 20.147282
16.363991 17.052289 16.327542
17.114888 17.335686 15.805939
16.046877 17.852526 16.746218
18.474690 2.754112 19.504991
18.857866 2.051250 20.029767
17.992555 3.288959 20.135636
18.699335 25.976738 29.999788
18.174586 26.737212 29.749695
19.295552 25.843724 29.262861
2.393140 8.099379 26.045743
1.674403 7.483695 26.189195
2.163246 8.551759 25.234121
3.495852 16.676772 12.109079
3.978165 17.481383 12.299350
2.587559 16.960336 12.005042
24.912252 22.087387 18.989321
25.400200 21.348327 18.626103
23.995236 21.882494 18.806756
10.588391 17.503319 1.853044
10.264604 17.303649 2.731408
11.206090 16.798333 1.658956
5.116530 3.198442 3.495209
5.970604 3.630142 3.515729
4.497475 3.878419 3.760974
13.973645 16.424497 6.759095
13.750450 15.496240 6.828027
13.134365 16.863505 6.620860
26.294806 18.923131 24.454362
27.000013 19.517157 24.197369
26.734706 18.092499 24.635382
21.927246 29.661590 3.387824
21.057240 29.998374 3.602054
22.492809 29.998478 4.082715
8.514665 0.236502 28.929601
7.593734 -0.000062 29.039843
8.518318 1.193693 28.930351
7.270289 6.792446 28.264086
6.936279 6.961240 29.145094
6.485882 6.668356 27.729730
21.949619 1.091570 2.535570
21.239209 0.803637 3.108842
22.743931 0.960574 3.053389
6.253359 14.649085 5.685893
6.244958 13.762954 5.324053
5.896099 15.197055 4.987092
15.877058 26.154830 14.067098
15.732302 27.100902 14.052209
16.782859 26.055223 14.360069
7.750975 16.579423 26.838318
6.799235 16.546432 26.741725
8.043349 15.689908 26.639548
20.057883 6.203820 0.218846
20.877915 5.761346 -0.000229
19.545483 5.542839 0.684440
0.317864 0.119786 9.785719
0.029911 0.231032 8.879664
1.196346 0.499336 9.806667
0.626049 23.754888 5.283782
-0.000014 23.136812 4.906612
1.310944 23.837723 4.620241
19.398498 24.336434 19.934690
19.699453 23.492672 19.597464
18.795725 24.661055 19.265724
22.466944 23.862178 4.103642
22.771236 24.483866 3.442477
21.513449 23.870321 4.019910
2.809293 16.713791 24.766006
3.565713 17.035566 25.256431
2.254889 17.484922 24.646749
26.368619 15.477190 21.876405
26.805754 16.302446 21.666420
26.767409 14.837493 21.286504
22.033862 29.626391 15.111025
22.948897 29.378973 15.244159
21.580741 29.296611 15.887012
9.201074 8.446523 16.347982
9.341190 7.618328 15.888972
8.689739 8.208720 17.121425
16.883693 27.195269 20.627740
16.457253 27.125932 19.773592
17.655555 26.633627 20.556918
6.393584 20.796908 29.461185
7.145400 21.043552 29.999857
6.441347 19.842552 29.405046
1.886051 5.750513 20.411502
2.572046 5.086600 20.341787
2.358791 6.582486 20.435275
25.673987 3.046057 14.149674
25.308651 2.169688 14.271063
26.522416 3.015734 14.591803
5.962471 12.534223 14.958445
6.501432 11.903926 15.436436
6.229531 13.387067 15.301323
9.451548 22.394142 27.486786
10.099185 21.690993 27.438032
9.696233 22.995008 26.782998
29.201056 25.386084 7.912835
29.628928 24.680069 7.428379
28.515894 24.949134 8.418659
5.716882 21.649990 24.438180
6.673556 21.676632 24.421071
5.502947 20.717077 24.449731
15.428105 11.230363 7.800538
14.476450 11.321186 7.752246
15.735023 11.449151 6.920673
24.901117 3.283067 25.822558
24.689730 3.825768 25.062940
25.084782 2.418151 25.455931
19.055442 0.367810 26.839990
18.643890 1.140290 27.227453
19.338184 0.656331 25.972211
17.547147 19.875101 12.863156
18.121313 20.626068 12.712788
16.819864 20.003327 12.254185
7.682833 3.396134 9.594741
7.466100 4.304521 9.384766
7.915838 3.413408 10.522986
2.979702 26.367869 2.583414
2.262495 26.913428 2.260601
3.475042 26.943036 3.166552
7.779988 20.117623 21.695869
8.660812 20.476567 21.588458
7.235241 20.876684 21.903970
10.669362 14.053452 24.584515
10.083862 13.474328 25.072404
11.269833 13.461432 24.131553
3.410275 21.445250 6.436323
2.624085 21.664431 5.936229
3.132648 20.742747 7.024235
14.056595 16.455465 18.294206
14.882962 16.213708 17.875996
13.947549 15.815742 18.997834
10.254773 4.096305 27.115720
9.621651 3.646989 27.675630
10.257258 4.999398 27.432967
15.757950 10.507018 16.027986
15.610426 9.624681 15.687477
15.230304 10.547785 16.825579
14.176440 3.032572 2.710290
13.986740 2.156929 3.047175
14.062181 2.955250 1.763086
23.913932 21.264284 7.772328
23.244119 20.681937 7.413927
23.505275 22.129862 7.770582
13.937070 17.522638 11.814192
13.277311 17.303704 11.156154
14.073324 18.464696 11.713248
14.509350 11.471082 0.591156
14.261494 10.704081 0.074914
15.053945 11.991884 0.000893
1.080158 29.362909 11.881557
0.936301 28.444150 12.108310
0.203268 29.746376 11.865898
29.113770 2.841505 3.876397
29.998541 3.189969 3.985862
29.032699 2.174088 4.557727
15.974877 22.233760 12.127214
16.370654 22.515474 12.951972
16.426440 22.746526 11.456848
8.446592 11.282007 8.273688
7.851686 10.644523 7.878809
8.029119 11.518982 9.101811
23.925472 0.000275 16.713286
24.822168 0.123536 17.024688
23.942382 0.305327 15.806156
29.205429 8.766226 17.597590
28.753258 8.731737 16.754631
29.999947 9.270790 17.423274
7.226645 3.803980 0.899337
7.542653 4.097254 1.753946
8.016177 3.530120 0.432573
12.163881 5.773990 0.347258
12.931039 6.318632 0.171012
11.417425 6.347813 0.174746
9.250950 12.642667 22.838622
8.552528 11.996891 22.731812
9.508258 12.867974 21.944610
11.970151 6.949814 25.971149
12.395976 7.091683 26.816593
12.073248 6.012848 25.804736
28.432694 27.364473 29.999988
27.995232 28.207448 29.880619
27.847670 26.729784 29.586290
5.677220 19.991082 10.431019
5.241038 19.449927 11.089142
5.084619 19.979165 9.679414
25.477403 8.504266 12.349019
25.848405 8.944968 13.113459
26.227041 8.348303 11.774609
4.681121 24.073969 11.716482
5.325171 24.759397 11.894293
5.201624 23.325262 11.425373
20.401783 6.463370 6.586518
20.060769 5.570078 6.630873
21.327263 6.356320 6.366847
7.094364 10.416757 17.904818
6.642342 10.242366 17.079292
7.926588 10.811263 17.644058
0.371174 10.027712 14.014690
0.000001 10.364447 13.199173
1.304561 10.231522 13.955709
11.184340 22.926175 12.309916
11.211986 21.971857 12.378778
10.981382 23.224974 13.196345
1.372331 18.661808 18.402875
2.243306 18.578723 18.014637
0.870603 19.164751 17.761357
7.787703 19.474279 11.241076
7.963172 18.545900 11.087612
8.651657 19.886289 11.233345
29.290548 29.073618 4.448034
29.188205 28.711381 3.567955
28.420726 29.402576 4.674806
21.351851 9.733815 6.243082
22.290356 9.653265 6.413227
21.197596 10.677029 6.190349
18.613927 27.321231 4.971009
19.192001 26.604508 5.232482
19.197327 28.072028 4.860659
20.420893 9.433070 11.259949
19.582676 9.325501 10.810451
21.076777 9.350443 10.567694
24.238293 9.542828 29.096768
23.625051 9.215530 28.438712
24.752621 8.775676 29.348111
24.501232 5.537437 4.011415
23.711815 5.486797 3.472447
25.061478 4.834173 3.683127
9.658322 27.171567 16.229626
10.004742 27.053814 17.114135
9.908089 26.372428 15.765705
16.807800 8.652765 21.057311
16.228686 7.896265 20.964771
16.229713 9.365753 21.328774
19.640424 0.000145 14.572212
19.260824 0.145849 13.705666
20.579641 0.137692 14.449002
17.866735 2.451273 14.056168
18.743000 2.376926 13.678198
17.972002 3.058562 14.788526
16.439286 16.300809 13.981073
16.161826 15.656161 14.631975
16.834851 15.780675 13.281632
23.037770 26.332771 5.556006
23.437522 25.499792 5.305861
22.339304 26.465798 4.915164
0.850797 20.642223 5.130314
0.766505 19.980929 5.817201
-0.000192 20.642880 4.692083
18.327741 21.403315 8.401365
17.701141 22.037042 8.052091
18.925634 21.231103 7.673976
7.248973 9.022015 20.925289
7.331220 8.882280 21.868655
7.413322 8.161350 20.539967
28.089027 3.429946 12.483960
27.236889 3.259706 12.082577
28.344462 2.591864 12.869445
7.821136 5.290580 14.184371
8.728681 5.593710 14.157855
7.887042 4.335656 14.186799
0.295789 0.900799 20.677023
-0.000020 1.538672 20.027529
0.750182 1.423853 21.337455
26.285212 15.735972 15.284992
25.766067 15.947112 14.509017
25.637830 15.595608 15.975950
2.154431 15.838357 29.697467
1.901738 16.719920 29.971730
1.750621 15.729909 28.836418
10.699749 20.576539 14.017192
10.279758 19.768744 13.721720
9.989129 21.216739 14.054496
29.452465 24.822034 29.958015
28.563345 24.647704 29.649301
30.000000 24.727446 29.178601
6.607322 16.465905 29.768754
7.084215 16.060300 29.044678
6.797993 17.400446 29.688090
25.141955 25.449688 24.158169
24.680523 24.611203 24.142308
24.447406 26.104540 24.228877
19.006323 16.652465 27.101487
18.195520 17.106589 27.330831
18.776946 16.122670 26.337988
26.533474 24.714719 21.522010
26.565645 23.985273 20.903057
25.838037 24.478208 22.135735
19.620866 14.588589 23.079627
19.236896 14.806208 22.230252
20.565881 14.636798 22.935230
28.803055 0.625710 18.814066
28.795896 1.481960 18.386266
28.296465 0.753875 19.616044
13.345257 5.825684 18.435227
12.605471 6.428421 18.510421
14.117524 6.391125 18.445634
4.922480 20.436171 18.212633
4.777755 20.444109 17.266472
5.046016 21.356672 18.444248
11.300103 15.416448 9.161402
12.068425 15.535464 8.603060
11.592283 14.815548 9.846806
19.846135 27.246003 14.235335
19.350402 26.668897 14.816219
20.374598 27.783723 14.825091
28.371464 13.325555 20.870009
29.293576 13.133031 21.039929
27.965179 12.467164 20.750317
14.874470 6.047759 11.582329
15.774021 5.743450 11.702469
14.714125 5.957796 10.642955
1.932642 23.479618 0.764587
1.932651 24.360601 0.390290
1.006202 23.266034 0.875584
25.319379 12.814543 17.576213
25.492465 13.710452 17.287047
26.084031 12.316916 17.286551
2.271250 14.321306 22.837142
2.250521 15.196212 22.449409
2.018725 13.736227 22.122899
7.838994 6.158345 16.618366
6.987964 5.771022 16.413531
8.421410 5.408269 16.738390
5.666408 19.580025 20.937932
5.856184 20.185463 20.221232
4.716128 19.468058 20.912242
15.569904 6.548970 2.361135
15.231027 6.882307 1.530306
16.298033 7.132436 2.574732
1.130127 5.721635 11.679138
1.382594 5.858471 12.592245
1.941506 5.840482 11.185409
17.929489 27.746826 1.363644
17.543869 28.620313 1.296226
18.872333 27.894344 1.289390
25.286759 26.782140 29.784248
25.162603 26.707506 28.838075
24.934330 27.644211 30.005280
28.390646 4.115662 14.972035
28.768884 4.282851 15.835292
29.145790 3.955223 14.406133
5.270440 22.813949 14.188252
5.589956 21.916414 14.280825
5.956695 23.354543 14.579455
5.580743 9.774503 6.753955
5.498955 9.152321 6.031162
4.686368 9.887415 7.075783
2.716482 20.334756 24.344559
3.336622 20.419785 25.068731
3.255852 20.406404 23.557047
-0.015841 9.730155 8.276234
0.444751 9.512549 9.086624
0.412765 9.197658 7.606180
9.647444 4.836232 8.429491
10.576084 4.630623 8.321874
9.585914 5.773103 8.243172
5.361219 29.718946 15.313439
6.155695 29.582186 14.797364
4.705742 29.999989 14.675008
20.220790 16.465868 15.483505
19.396077 16.804772 15.831676
20.523329 17.144368 14.879903
25.898582 15.925141 0.549815
25.675013 15.828403 1.475497
25.553548 15.134156 0.135661
0.315975 12.442432 13.999125
0.935043 13.142148 14.207406
0.000190 12.140052 14.850638
22.308369 20.344089 16.977667
22.612010 21.112426 16.494254
22.157572 19.680916 16.304102
13.477148 26.100554 5.273277
12.785140 26.750510 5.151160
13.339502 25.468077 4.568114
27.959585 14.367757 10.810699
27.030597 14.222628 10.631404
28.144723 15.228771 10.435722
21.673759 12.880022 19.093599
21.085858 13.575009 19.389562
21.130684 12.330903 18.528119
-0.011239 4.233920 5.747124
0.116948 4.792911 6.513496
0.546491 4.620550 5.072080
2.224764 2.517695 15.989284
1.907096 3.244794 15.453894
1.910877 1.733313 15.539342
2.287960 16.983907 8.940266
1.654407 16.374789 8.561038
2.246170 17.755885 8.375879
25.144202 16.716975 23.864026
24.709671 17.543891 23.655173
24.752373 16.081871 23.264574
7.799424 23.190239 20.760003
6.853352 23.093064 20.651684
8.177310 22.639340 20.074480
10.579310 22.034322 29.574437
9.931965 22.736596 29.637565
11.420853 22.487543 29.523211
8.826285 6.041217 21.092492
9.192397 6.869166 20.781540
7.930335 6.033448 20.755678
17.949300 6.191940 6.628085
18.263089 6.536760 5.792104
17.271181 6.809082 6.902893
18.250803 1.500976 0.691170
18.825414 0.817883 1.036764
17.515359 1.528272 1.303221
25.221342 23.403086 14.012104
26.020009 22.905267 14.186851
24.721454 22.851365 13.410485
27.428241 8.105424 15.055392
27.194744 7.178570 15.003926
26.599800 8.552327 15.229147
16.053066 28.559321 6.811786
16.210103 27.615098 6.808317
16.775393 28.924618 6.300875
21.348320 20.592922 10.171358
20.445704 20.395445 9.921324
21.267057 21.127953 10.960894
20.858527 1.114294 23.495078
20.267926 1.842443 23.687996
21.547766 1.500942 22.955002
10.106173 5.259561 11.160703
9.239987 5.169354 10.763448
10.413456 6.119463 10.873696
24.842797 23.498183 3.959515
24.637760 23.169903 3.084061
25.791182 23.627511 3.951301
0.408062 22.719335 7.939857
0.000014 23.574056 7.801375
1.055189 22.645861 7.238389
12.359167 29.502024 3.174495
13.045131 29.999993 3.619141
12.322013 29.877422 2.294765
23.993811 29.228573 11.337281
24.817643 29.174146 11.821603
23.650087 28.335274 11.347260
23.950896 14.258113 13.763025
23.008356 14.414151 13.703886
24.339684 14.915841 13.186425
20.258665 14.827137 17.463014
19.503397 15.177806 17.935063
19.879583 14.263919 16.788247
10.318753 28.244719 28.954264
10.177522 29.162957 29.184745
9.437681 27.881560 28.864510
11.070213 10.625492 22.179653
11.697903 10.001044 21.815925
11.421110 10.843069 23.043228
24.000691 29.117238 28.497199
23.498279 29.236954 27.691297
23.343212 28.910379 29.161397
20.963083 27.436019 8.945958
21.437587 26.605050 8.922178
21.648547 28.104087 8.938806
26.384006 11.686737 11.436008
26.764300 11.939369 10.594710
25.460166 11.926496 11.363450
14.799701 27.425686 8.512671
14.219341 28.118665 8.827618
14.247770 26.644092 8.485974
20.524357 17.312121 18.342271
20.570074 17.915599 17.600683
21.436112 17.081766 18.520789
10.685691 7.498367 6.642740
10.662341 8.455197 6.630089
11.617879 7.281001 6.640345
11.735345 22.219702 8.195129
12.275627 21.617309 8.706449
12.340434 22.906896 7.916095
27.259951 25.982159 6.242917
28.134572 26.232322 5.945116
26.683753 26.661601 5.892798
10.556228 20.973753 23.860409
10.249798 21.169620 24.745828
10.124258 20.150220 23.633642
28.828191 27.557886 9.613796
29.687131 27.150873 9.500690
28.207640 26.832622 9.542123
11.622740 16.132121 15.826275
10.979660 16.840058 15.787526
11.393827 15.642946 16.616550
12.263337 24.349933 1.862661
11.314044 24.251337 1.789517
12.593614 23.453682 1.924948
1.269361 2.589404 7.818342
1.486795 1.666304 7.688581
1.345031 2.978554 6.947098
0.793580 19.826495 22.917602
0.904368 19.934425 21.972983
0.946283 18.894285 23.072185
7.589508 25.291549 27.590785
7.368419 25.965039 26.947544
8.197365 24.711744 27.131914
27.365702 18.465220 15.203779
26.780145 19.099524 14.790243
27.213401 17.650406 14.725124
0.272769 13.350073 4.328031
-0.007403 13.528483 5.225752
0.618174 12.457846 4.357257
7.706617 16.716100 1.296185
6.899637 16.359353 1.667323
8.386104 16.479929 1.927651
9.318031 11.186715 13.873620
9.654108 10.605107 14.555538
9.922913 11.071893 13.140706
21.098292 6.666785 8.783593
20.204452 6.977478 8.927639
21.525914 7.378475 8.307288
18.687637 16.546379 20.098169
18.899503 17.478431 20.149350
19.538157 16.107990 20.072504
27.200837 5.565605 18.234933
27.500666 4.671824 18.400721
28.004504 6.083350 18.187102
27.447207 29.512697 16.746103
28.116140 29.966925 16.233820
27.658762 28.584376 16.647651
13.025306 26.197939 13.114413
12.592342 27.004954 13.392799
12.440633 25.498740 13.406827
5.214456 23.384778 25.729999
4.671891 23.935606 25.165694
4.593317 22.967239 26.326721
11.851217 2.846303 25.617439
12.024744 3.781432 25.725375
11.652970 2.744889 24.686503
8.161821 8.063877 0.256775
7.352176 7.622546 0.000006
8.823033 7.371760 0.256089
8.082131 14.393791 4.238612
8.297194 15.301640 4.452589
7.603640 14.449070 3.411436
10.530686 8.312146 12.865867
10.737667 9.043210 13.448046
11.069113 8.464002 12.089166
29.049042 4.193660 8.458238
29.053347 5.099087 8.768741
28.901216 4.264069 7.515148
5.161867 25.592748 2.615601
4.792704 24.710744 2.660511
6.109336 25.456619 2.615318
4.285282 27.458728 12.428145
3.432506 27.167587 12.105285
4.541120 28.161225 11.830421
9.603191 1.116616 10.831598
9.971695 2.000012 10.838320
8.655630 1.251775 10.841032
15.107014 23.004966 19.157697
15.962569 23.427019 19.079420
15.300911 22.067612 19.157624
17.921566 9.561006 17.586516
17.969352 10.516978 17.578597
16.993005 9.366077 17.460004
16.402014 4.901324 0.953317
16.469412 4.955225 0.000017
15.647636 4.333028 1.108822
2.137751 25.371295 9.829405
2.255936 26.213080 10.269471
1.529923 25.557804 9.113871
14.611397 29.976906 16.301544
15.397027 29.460073 16.480146
13.898652 29.337983 16.301655
3.204632 21.078148 20.153344
2.280460 21.321699 20.206420
3.607884 21.499736 20.912211
25.786995 7.629653 20.344983
26.052759 7.681765 21.263069
25.332514 6.790228 20.273978
2.571682 8.146730 5.528299
3.315878 7.545040 5.547540
1.805510 7.578370 5.449714
14.186949 23.722165 11.310614
13.755490 22.967449 11.711207
13.608034 23.975970 10.591817
13.649953 7.557437 7.483523
14.482504 7.465532 7.946817
13.578270 8.494608 7.302411
23.217349 12.000632 13.226162
22.350596 12.280473 13.520536
23.332932 12.429617 12.378317
12.828840 7.989319 20.889682
13.039929 7.627879 21.750514
13.373651 7.491414 20.280174
1.722089 23.021936 25.462992
1.170692 23.479707 26.097527
1.764535 23.613106 24.711364
25.122414 22.599422 26.879250
25.945571 22.847524 27.300067
24.689354 23.431755 26.689751
2.382479 5.497841 5.909696
3.304405 5.350377 5.698659
2.275786 5.131991 6.787762
21.237092 9.803990 21.079446
20.448003 9.493169 20.635647
21.949005 9.301750 20.683008
12.389647 27.567573 18.629477
12.858034 28.337342 18.306525
11.466712 27.820121 18.604183
14.749804 29.420460 1.982231
15.499370 29.999998 1.846164
15.100433 28.690349 2.492354
1.455247 11.061658 2.799118
1.850438 10.786386 3.626329
1.143692 10.249361 2.399949
7.645201 14.616223 7.556264
6.833605 14.960830 7.928805
8.275795 14.657531 8.275204
0.485948 9.933332 5.146651
-0.002457 10.679607 5.494161
1.321204 9.954672 5.613685
21.752809 4.092954 6.534694
21.281615 3.261903 6.594343
22.667168 3.862781 6.699606
22.237893 7.678718 3.600296
21.407739 7.278580 3.859066
22.082410 8.620612 3.670222
23.867070 15.909995 18.555559
24.612901 15.938643 19.154846
23.786268 16.806474 18.229945
16.480449 4.464509 13.839517
15.693985 3.937409 13.980478
16.171285 5.369877 13.870420
18.659962 6.767079 11.941761
17.877533 7.290891 12.113964
18.428802 6.233104 11.181719
23.819707 9.769727 22.455765
24.562876 9.212157 22.225453
23.128606 9.156879 22.706814
18.218149 25.999620 17.358034
17.604872 26.705140 17.563852
17.680805 25.207480 17.356145
18.122577 12.905402 17.830453
17.483145 12.517049 18.427559
18.887691 13.079846 18.378540
5.881247 25.401752 22.039676
5.821926 24.446419 22.046571
5.566829 25.667970 22.903677
0.765349 27.766574 9.670611
1.411119 27.809356 8.965360
0.001170 28.227571 9.324573
15.748261 5.336470 20.775492
14.798048 5.404779 20.868539
16.001016 4.649443 21.392206
26.208305 9.628831 5.213213
26.556497 10.390504 5.676726
25.277754 9.821992 5.099230
23.134392 22.405217 21.361333
23.895229 22.679132 21.873510
23.420536 21.609090 20.913526
21.217994 1.805600 19.698484
21.005602 2.098391 20.584707
21.392791 2.612720 19.214509
2.425465 12.528619 28.504612
2.063248 11.659637 28.677526
1.984836 12.817632 27.705521
16.234788 20.740231 9.302405
15.670450 21.508402 9.389954
15.631354 19.997222 9.308112
6.786335 5.996176 11.321144
7.447982 6.577030 10.945564
7.288763 5.344956 11.810743
25.202172 18.460644 5.125557
26.057019 18.047176 5.246015
25.398143 19.392182 5.025256
2.745383 25.084460 5.728407
3.222443 24.261256 5.623630
3.413861 25.762973 5.633618
8.910807 19.823408 4.705059
8.811146 20.718682 5.028759
9.785922 19.560991 4.990608
8.704770 17.626871 8.338272
9.310446 16.885694 8.331840
7.835399 17.226350 8.340975
16.656264 15.286680 22.990495
16.147570 15.744165 22.321044
16.084745 14.576583 23.282656
17.432281 8.947359 9.306342
17.190919 8.522211 8.483406
17.941109 8.287361 9.777220
10.999817 28.966085 9.551846
11.436944 28.392828 8.922144
11.510692 29.775366 9.534550
23.780805 23.992126 10.247284
24.713287 24.110431 10.428139
23.609053 24.556490 9.493479
29.868053 11.061195 4.397351
29.595148 10.184673 4.668388
29.444361 11.192925 3.549199
27.011394 0.558375 8.887967
26.690919 1.460183 8.904290
26.532547 0.120738 9.591819
0.000022 15.438203 11.101866
0.474850 15.688988 11.894251
0.629094 15.571451 10.392823
12.156742 5.019764 2.786392
13.073446 5.158336 2.548315
12.127236 5.178256 3.729917
26.516882 21.908891 23.921914
26.616159 22.844597 24.097490
25.598863 21.723659 24.119802
3.804821 20.169456 14.346077
3.955320 19.533881 15.045808
3.875071 19.659248 13.539243
20.398062 19.028540 12.780347
19.678065 18.565810 12.351728
21.046529 19.157176 12.088124
17.698905 29.997867 19.607091
17.909030 29.963022 18.673891
17.200120 29.197472 19.770830
11.738738 15.989376 19.679819
12.109581 16.853466 19.858849
11.420042 16.046928 18.779070
26.650298 5.073428 0.387047
25.825942 5.503039 0.615303
27.183609 5.767694 0.000003
26.303672 8.792695 17.866366
25.438695 8.563691 17.526365
26.834688 8.010218 17.718105
26.360562 21.804188 21.094977
25.659135 21.343825 21.555731
27.050305 21.908293 21.750451
11.765873 25.215243 6.402662
12.100732 25.718470 7.144862
12.373594 24.480690 6.317009
28.962207 1.887035 10.602166
28.820237 2.389543 9.799945
28.345207 1.157796 10.540918
23.263504 20.636169 23.646984
23.346707 21.585084 23.741140
23.988481 20.387408 23.073612
21.677497 14.888450 11.842672
20.802328 15.250599 11.704271
21.523202 13.979175 12.098878
14.759180 13.949130 1.990519
14.922997 14.622116 2.651187
13.808686 13.836082 1.993651
6.208034 15.222028 24.567505
5.710986 16.023428 24.731612
7.093869 15.525471 24.368890
18.767687 13.950242 27.587081
19.560334 14.335496 27.960603
18.082034 14.594751 27.762340
26.989773 22.315821 12.152927
27.515656 23.090710 12.350974
27.542776 21.578226 12.410550
12.659597 18.534076 3.700068
13.542995 18.708345 4.024826
12.790372 17.961483 2.944248
2.389577 2.960142 1.768911
1.931160 3.781472 1.591430
2.781763 3.086057 2.632951
16.963329 15.963770 29.859416
17.737840 16.159454 29.332093
16.634725 15.137254 29.505693
4.195727 27.256864 8.564157
3.445666 26.705818 8.340583
3.810269 28.095512 8.817773
17.048552 13.182626 14.183030
17.353053 13.722433 14.912493
16.338298 12.658134 14.552726
8.551016 19.661573 2.530966
7.894498 19.140193 2.069040
9.388311 19.360459 2.178126
5.383503 2.581883 16.796887
6.087977 3.183426 16.555867
5.720041 2.111458 17.559561
5.449726 0.857096 29.560541
6.147394 1.433164 29.873004
5.612626 0.022581 30.000175
20.415020 11.644053 23.359894
21.205506 11.340115 22.913820
20.633910 12.525492 23.662185
0.915377 11.025172 10.663858
1.019728 11.959025 10.846225
1.770941 10.747500 10.336541
25.677582 28.404271 3.879524
25.878782 28.739064 4.753401
24.736785 28.229076 3.900379
15.815753 3.300987 10.810689
14.973818 2.944992 10.526713
16.460241 2.869564 10.249674
12.398908 3.750359 11.334916
12.500409 2.909486 10.888980
12.196443 4.370560 10.634496
16.138455 20.372548 3.265645
15.395548 20.976133 3.267187
16.659010 20.634610 2.506320
13.727091 3.472855 16.826612
14.505598 3.018259 17.148323
13.643062 3.189894 15.916062
27.370599 26.806554 -0.004579
26.735397 27.252094 0.555992
28.209915 27.210749 0.215433
15.579665 26.820830 27.121201
14.744344 26.524765 26.759520
16.237231 26.288669 26.673274
10.300037 29.170779 1.792406
9.906357 29.400164 2.634206
10.329489 29.996070 1.308405
9.960624 21.751101 16.297313
10.393946 22.462407 15.825607
10.537219 20.996688 16.176369
0.734251 17.702230 6.777106
0.335244 16.844681 6.630030
-0.002582 18.277778 6.982168
8.447145 14.039367 16.876064
8.786502 13.162099 16.698679
9.000059 14.620679 16.353962
7.490371 0.959607 4.399614
8.080017 1.296307 3.724945
7.533463 0.008273 4.302994
21.879849 16.275626 7.352023
21.408583 16.931707 6.838510
22.531148 15.920059 6.747366
0.000249 18.168225 20.417969
0.074905 17.453816 19.785296
0.593964 17.923278 21.127711
16.006948 14.174569 19.913086
15.940416 14.798594 19.190318
15.112560 13.858015 20.039940
21.507643 24.621605 17.896484
20.585181 24.856185 17.795171
21.492422 23.776439 18.345585
17.818324 10.962068 15.322895
18.309826 11.783315 15.337311
18.485599 10.281453 15.410848
22.218626 1.162519 25.833419
21.976496 0.435352 26.406856
21.384175 1.559871 25.584356
29.342874 29.073141 7.748897
29.025366 29.700615 8.398277
29.999845 29.557223 7.248615
16.892441 5.063987 18.879151
17.734916 5.417473 19.164653
17.057837 4.732911 17.996393
1.339624 27.248741 29.639108
0.734860 27.607079 28.989428
2.195167 27.597307 29.388555
5.957845 2.910706 14.189828
5.160165 2.404413 14.343459
5.721455 3.808079 14.424500
26.749449 17.649360 11.695448
25.911594 17.186528 11.699113
27.148703 17.429596 12.537189
26.537870 19.320699 17.726691
27.457951 19.217967 17.483532
26.217362 18.425509 17.836865
28.746353 3.929464 28.871101
28.303326 3.550021 29.630034
28.469923 4.845860 28.865220
0.478887 8.282058 11.053268
-0.002602 7.604771 11.528324
0.001569 9.090732 11.238853
3.273910 12.108131 24.438717
3.635832 12.949891 24.161803
3.234234 11.588220 23.636004
15.888677 12.139675 26.732304
16.719486 12.502995 27.038871
15.948688 11.204704 26.928406
10.027610 12.653805 3.898327
9.589083 13.124987 3.189871
9.526211 11.844118 3.994431
11.351454 18.532787 9.724350
10.403593 18.455583 9.615602
11.671851 17.631714 9.683822
8.078883 29.698553 0.773047
8.270764 28.796470 1.029284
7.123046 29.749566 0.771901
13.424078 14.100717 17.577331
14.324666 13.963999 17.871402
12.999841 13.251568 17.700604
15.970741 14.608763 0.258104
15.770362 15.506808 -0.005700
16.844545 14.661667 0.645269
9.961329 27.918088 5.371215
10.583399 28.283788 4.742311
9.925744 28.563909 6.076820
4.218573 17.341504 18.988437
4.741849 18.141090 19.043866
4.863268 16.636058 18.934195
24.025583 12.510983 15.210853
24.136422 11.648068 15.610004
24.886013 12.923269 15.287718
17.217801 7.574549 24.670817
16.748880 8.232739 25.183776
16.607995 6.839340 24.608900
9.881390 17.910171 28.448721
8.951346 17.755664 28.614175
9.991379 17.734234 27.514281
17.507498 13.717235 25.320107
18.340307 14.187649 25.283140
16.843440 14.406269 25.342177
9.861244 11.480301 10.867271
10.109276 10.560026 10.955605
8.948308 11.511321 11.153303
24.075724 14.380232 7.256837
24.898056 14.696818 7.630699
23.984209 13.490310 7.597269
25.929116 8.342790 0.290870
26.613040 8.946012 0.000008
26.387755 7.706548 0.839573
15.415500 16.363882 10.530158
15.926080 17.145910 10.320473
15.951898 15.635809 10.216446
20.907627 27.971990 23.029799
21.585965 27.298272 22.982996
21.300308 28.672114 23.551198
26.578101 18.640493 21.173704
26.783516 18.982878 22.043650
25.624096 18.562807 21.165483
2.063575 29.063745 24.245193
2.957790 28.737744 24.143544
2.138431 30.010640 24.126809
19.937628 1.223921 8.460649
20.727924 0.689697 8.539797
20.252194 2.073482 8.151582
18.847642 7.819020 3.484458
18.726045 6.896495 3.259981
17.967535 8.133866 3.690639
13.962538 5.531049 14.915627
13.090881 5.150154 15.022218
13.809684 6.354009 14.451299
1.366897 22.691200 10.622230
0.608645 23.269759 10.541290
2.114214 23.240443 10.385422
2.341637 8.865131 15.957166
1.411637 9.005488 15.779320
2.389702 7.969065 16.290308
27.423441 10.792644 2.291155
27.246441 10.303222 3.094502
27.056291 11.661560 2.453679
5.748244 7.102372 9.572159
5.506177 6.340046 9.046334
5.606175 7.849629 8.991081
28.701452 7.672857 2.111395
28.242831 6.925462 1.727603
28.054943 8.378720 2.107906
14.679205 14.274107 11.707734
15.421530 13.671726 11.659564
14.987405 14.990918 12.262193
0.389232 16.252568 14.875894
0.928683 15.464027 14.817379
0.384961 16.606948 13.986723
24.437564 22.265264 0.000014
24.003062 21.412365 -0.000001
25.372159 22.058480 0.001373
19.693713 1.772397 16.714131
18.851399 2.162321 16.947999
19.860732 2.078675 15.822769
4.795676 28.827822 4.461982
5.087925 27.916791 4.490995
3.843737 28.771952 4.378801
11.101140 5.539708 22.257890
11.970825 5.832496 22.530196
10.523054 6.271438 22.473798
15.356496 28.081753 24.953984
14.910991 28.928523 24.981067
14.661651 27.450915 24.765668
26.295286 19.689341 10.678961
27.231126 19.757884 10.867996
26.055769 20.550755 10.337161
5.115750 17.589866 9.909726
5.605479 16.848089 10.264917
4.198169 17.372426 10.074022
29.430634 14.306617 13.219990
29.371857 13.374744 13.430674
29.372623 14.748330 14.067193
12.737510 29.334412 28.252358
13.421213 29.999932 28.175792
12.777585 28.853002 27.426000
16.711480 16.510856 6.787133
16.150788 15.787782 7.068235
16.225913 17.299322 7.029567
11.076079 9.501686 15.830319
11.305516 8.585527 15.674624
11.869863 9.888410 16.199888
22.321609 13.788881 17.169671
22.503426 14.720411 17.293858
23.183725 13.389477 17.053651
28.100880 16.779905 25.796541
28.736208 17.495624 25.778293
28.254258 16.302014 24.981480
18.184891 0.454924 3.625832
17.877337 -0.003785 2.844023
18.975889 0.912089 3.340260
9.419346 6.084524 1.937587
10.127785 6.274792 2.552518
8.628279 6.391870 2.380283
7.673992 20.066274 27.371622
8.521274 19.620917 27.371705
7.841814 20.901439 27.808159
11.203871 26.459524 0.758842
11.500869 27.363947 0.859038
10.615360 26.482381 0.004281
13.554740 3.664191 28.493171
14.485623 3.446495 28.445275
13.237721 3.561233 27.595882
2.114071 27.051874 26.505485
1.262199 26.818901 26.874627
2.749798 26.705723 27.131791
1.166867 8.814775 18.215815
1.594036 7.972127 18.369762
0.367925 8.594846 17.736700
5.818724 24.005304 27.903946
5.350822 24.721884 27.475217
5.969806 24.317214 28.796199
1.192300 1.347040 5.447171
0.641354 2.036702 5.076961
1.026896 0.584324 4.892973
12.221789 15.764768 12.627805
12.806731 15.424811 13.304932
12.345463 15.173825 11.885026
19.948257 18.911157 4.718871
19.046746 18.721253 4.978570
20.353435 18.050608 4.611563
7.392975 28.510178 12.771623
6.572330 28.978838 12.619538
7.171200 27.588557 12.638733
9.685173 11.048983 24.594707
8.782239 10.736750 24.535967
9.814161 11.236791 25.524395
18.059135 9.632690 28.342561
17.816612 9.894930 29.230616
17.792330 10.369848 27.793341
16.134535 13.406692 8.347800
16.511145 14.249507 8.600895
16.890990 12.833646 8.222810
5.980181 17.995558 4.896204
5.106124 17.679346 4.667592
5.822030 18.733599 5.484857
1.334919 25.971902 17.290602
0.675425 26.618267 17.542611
2.057210 26.491220 16.937284
11.456794 8.420860 18.778079
10.514927 8.591131 18.789214
11.857944 9.289840 18.791550
27.727384 15.987447 6.863146
27.435540 16.542599 6.140054
26.920160 15.727408 7.306990
8.314080 10.084571 2.342748
8.060955 10.789469 1.746698
9.244797 10.233739 2.509308
16.993373 5.333326 9.255251
17.905274 5.065386 9.368706
17.009505 6.285689 9.349977
2.975531 12.961380 16.630671
2.862608 12.970238 17.581144
2.089574 13.062778 16.282781
17.265657 8.442739 13.945900
16.365422 8.137139 13.834482
17.214761 9.390258 13.820022
27.716747 19.976581 5.328362
27.316564 19.651251 6.134738
28.656136 19.844869 5.456540
2.916577 24.509710 27.678229
3.059800 23.577460 27.841402
3.162153 24.937437 28.498577
10.448150 18.484864 6.876672
11.207889 17.931739 7.058548
9.826243 17.902509 6.440412
3.276310 17.583925 1.103975
3.522145 18.508997 1.109859
4.110194 17.113975 1.107744
9.547452 1.381447 7.088036
9.922889 0.520041 7.270391
9.950013 1.648655 6.261735
3.738589 12.978985 2.554502
4.330265 13.714665 2.396629
4.289830 12.202519 2.457228
29.453685 7.462033 4.665393
29.910391 7.953660 3.982787
28.830828 8.087480 5.035655
10.172566 11.471063 27.726450
10.619614 12.317318 27.741585
10.878834 10.825900 27.760780
29.565415 26.314350 15.442755
30.000021 25.776215 14.781123
29.829921 25.928247 16.277734
24.010986 19.546267 1.834918
23.372312 18.836266 1.899905
23.484214 20.345284 1.852602
19.883360 10.171610 7.893472
20.105383 9.275339 8.145729
19.340468 10.495696 8.612127
23.407869 9.814819 12.490498
22.676671 10.230991 12.034013
23.093060 9.692062 13.386073
17.816991 29.309185 12.369879
17.154651 29.999896 12.348634
17.318846 28.496293 12.284515
0.596208 20.313113 0.726264
0.002242 19.562974 0.753212
0.232626 20.882885 0.048476
7.063216 3.003541 22.630937
6.220572 3.354865 22.343272
7.326474 3.573025 23.353857
11.245527 22.178329 5.386150
10.781507 22.488347 6.163840
11.757144 21.430288 5.694227
7.656284 9.259768 9.635527
7.234551 9.732171 10.353306
8.590454 9.434826 9.749147
25.000534 4.579587 19.980370
25.779491 4.027982 20.052393
24.273472 3.960593 19.913615
8.321294 22.543746 8.471714
7.994864 23.028586 9.229739
8.777009 23.200317 7.944963
23.600810 16.453320 16.030839
23.461252 15.897395 15.264223
22.901815 17.105628 15.984707
0.000117 0.454930 1.655310
0.190627 1.354990 1.391061
0.842955 0.004742 1.598893
28.393439 17.047393 28.288958
29.044976 16.346731 28.260668
28.896811 17.849065 28.146952
16.844785 11.764787 29.986896
16.768365 12.675752 29.703117
15.944061 11.441128 29.999968
9.822218 21.029527 9.688639
9.776225 20.473049 8.911178
10.481229 20.612488 10.243627
19.956241 2.313150 11.120712
19.005933 2.328024 11.234385
20.132841 1.479191 10.685336
8.754001 28.926441 24.010261
7.965136 28.577369 24.425074
8.802069 29.833760 24.311411
1.761565 26.889666 19.735524
1.247617 26.114553 19.961987
1.109103 27.552947 19.510624
13.893513 26.098274 23.170532
14.282916 26.504957 22.396450
14.027145 25.159314 23.041213
18.949597 22.455327 17.094424
18.753089 23.268810 17.559030
19.796922 22.615014 16.678770
23.243299 3.641138 1.707156
24.150440 3.730367 1.414989
23.308799 3.486202 2.649458
7.144617 25.186677 9.026260
7.429801 25.723183 9.765896
7.806513 25.337101 8.351357
10.326813 18.351114 11.813051
9.891605 17.501022 11.748510
11.256449 18.139043 11.896907
9.048595 7.739468 26.119611
8.099949 7.623783 26.065609
9.176932 8.687501 26.088098
27.527810 5.730419 6.216315
26.578252 5.622292 6.269950
27.666168 6.245685 5.421591
16.981019 9.800716 2.629111
17.712136 9.697697 2.019944
16.563181 10.620739 2.366048
25.702387 4.410492 22.260120
25.946166 3.484979 22.245049
24.752463 4.406572 22.377835
12.207798 4.852633 29.999958
11.570684 4.695892 29.303003
12.711658 5.608759 29.698914
9.769322 14.051017 6.586647
10.411483 13.341235 6.594875
10.290122 14.847077 6.692876
13.980094 4.880737 8.348878
13.986056 4.330245 9.131918
14.863141 5.247730 8.306791
29.286963 21.985227 5.375902
29.854885 22.347989 4.696125
29.661579 22.304134 6.196992
17.894559 20.822214 19.395965
18.673352 21.204418 18.991453
17.742634 21.356089 20.175789
4.532895 15.158669 27.413362
5.207879 15.342149 28.066784
4.600582 15.881067 26.789032
24.494626 19.557255 28.488340
23.553500 19.416925 28.592357
24.605249 20.505347 28.559840
3.402681 24.657527 17.380155
2.662757 24.093578 17.605326
4.059925 24.060073 17.023353
25.387030 20.524650 16.277721
24.711999 19.970757 16.669850
25.090250 21.419239 16.444635
25.879145 20.570273 26.354936
26.661950 20.874895 25.895969
26.043021 19.641502 26.518515
7.783977 2.173942 25.737413
7.154723 1.452871 25.719360
7.263853 2.951492 25.534645
7.141172 0.246419 6.975346
7.083085 1.105438 6.557088
6.232026 0.001279 7.147361
25.883142 5.241756 13.498879
25.757841 5.961907 12.880890
26.830428 5.199892 13.629744
11.412546 7.909108 24.071421
10.591505 7.955417 24.561295
11.633112 8.821879 23.885876
29.596327 27.796022 27.962226
28.704535 27.969666 27.660922
29.831210 26.964554 27.550256
25.887389 26.010981 12.099247
26.151616 26.496988 12.880407
25.140939 25.484443 12.385253
24.900598 12.670212 5.757376
24.347516 11.924309 5.989665
25.696671 12.549065 6.274889
4.225025 16.939937 22.682781
5.122683 17.264479 22.611293
4.302561 15.992658 22.569290
7.583190 27.139068 2.761799
7.599472 26.860334 3.677371
8.502016 27.135638 2.493515
